intrinsic:
867.994517745697 0.0 808.9740885509365
0.0 873.4557634601341 696.5046359255457
0.0 0.0 1.0
distortion:
0.05060240823851339 -0.055828684818963574 0.0018456800458280915 0.0013267139576110898 0.01575663277160679
