intrinsic:
1174.507480177943 0.0 847.2752995045738
0.0 1177.98195966972 638.2245464842804
0.0 0.0 1.0
distortion:
0.10841664249931955 -0.19564786897662267 0.002105626238645001 0.0008327600479357223 -0.04047576982828817
